#	地图区域					
#	Id	Position	AreaPointType	LinkArea	CameraPosRelate	CameraRotate
#	int	vector3	int	int[]	vector3	vector3
#	Index	世界坐标	类型	连接的区域	相机坐标	相机旋转
	0	-851.58,99.82452,-399.74	0	3	-0.2265711,16.10805,-7.612289	62.81877,359.8351,0.1754231
	1	-17.79,126.9711,-1228.17	4	3	-0.4802895,1.999781,-6.256409	13.59034,7.53695,0.08451105
	2	414,43.50861,-412	1	3	-0.1535034,7.721441,-3.885895	60.48108,358.8602,0.1651572
	3	278.57,21.17716,110.74	4	0,2,4,5,1	0.1959991,17.40386,-9.852257	60.48108,358.8602,0.1651572
	4	-1312.84,233.6107,972.06	4	3	0.1959991,17.40386,-9.852257	60.48108,358.8602,0.1651572
	5	271.1,87.25363,869.7	4	3	0.1959991,17.40386,-9.852257	60.48108,358.8602,0.1651572
